A = [ 3 1 5 ; 2 7 0]
B = [2 1 -1 0 ; 3 0 1 8 ; 0 -5 3 4]

C = A * B

D = [-3 0 5]
E = [ 2 ; -4 ; -3]

F = D*E

G = E*D

