A =[-3 2; 0 4; 1 -1]
B =[1 2; 0 1; 1 1]

C =  A - 2*B
D = (A + B + C) / 4